Jacard : 0.81228689634851 Dice Coef : 0.8920123236818739  
Jacard : 0.835821678283885 Dice Coef : 0.9088868052448353  
Jacard : 0.8301161190895625 Dice Coef : 0.9050661033436759  
